a <- 2

b <- 15